camera_matrix:
  [
    1085.0826109072827,
    0.0,
    960.0,
    0.0,
    0.0,
    1085.0826109072827,
    540.0,
    0.0,
    0.0,
    0.0,
    1.0,
    0.0,
  ]

rlc: [1.0, 0.0, 0.0, 0.0, 1.0, 0.0, 0.0, 0.0, 1.0]
# yzx
tlc: [0.008327, -0.11708, 0.34]
# tlc: [0.302, 0.008327, -0.061708]
