camera_matrix:
  [
    1084.9056396484375,
    0.0,
    959.4097915686652,
    0.0,
    0.0,
    1085.0653076171875,
    539.8271073690921,
    0.0,
    0.0,
    0.0,
    1.0,
    0.0,
  ]

rlc: [1.0, -0.000, 0.00, 0.00, 1.0, -0.0, -0.00, 0.0, 1.0]
tlc: [0.3, -0.017, 0.31]
