camera_matrix:
  [
    1085.0826109072827,
    0.0,
    960.0,
    0.0,
    0.0,
    1085.0826109072827,
    540.0,
    0.0,
    0.0,
    0.0,
    1.0,
    0.0,
  ]

rlc:
  [
    -0.00105439912688880, -0.999999387010545, -0.000337965998355750,
    -0.000192355152976092, 0.000338168999178054, -0.999999924320609,
    0.999999425620823, -0.00105433403759120,-0.000192711600161857,
  ]
# yzx
tlc: [0.00828706765863066, -0.0400653212081616, -1.00276169350550]
# tlc: [0.302, 0.008327, -0.061708]
