camera_matrix:
  [
    2369.090576171875,
    0,
    1937.654899081608,
    0,
    0,
    2389.40771484375,
    1118.788977939519,
    0,
    0,
    0,
    1,
    0,
  ]

rlc: [1.0, -0.000, 0.00, 0.00, 1.0, -0.0, -0.00, 0.0, 1.0]
tlc: [0.3, -0.017, 0.31]
